-3163	-3103	-3162	-3164	-3168	-3167	-3172	-3226	-3198	-3233
-3165	-3101	-2850	-2916	-2791	-2908	-2978	-2906	-2976	-2911
-2908	-3097	-3111	-3150	-3191	-3172	-3191	-3255	-3234	-3203
-2912	-3105	-3168	-3207	-3196	-3202	-3210	-3249	-3251	-3237
-3107	-3117	-3168	-3227	-3167	-3227	-3226	-3260	-3166	-3242
-3167	-3145	-3171	-3198	-3165	-3196	-3236	-3256	-3230	-3218
-3035	-3195	-3196	-3206	-3163	-3211	-3218	-3289	-3223	-3232
-2912	-3147	-3189	-3233	-3171	-3208	-3240	-3264	-3226	-3241
-2903	-3149	-3216	-3200	-3168	-3220	-3202	-3230	-3228	-3224
-3037	-3175	-3171	-3170	-3163	-3175	-3199	-3239	-3169	-3232
-2979	-3146	-3172	-3105	-3163	-3152	-3182	-3231	-3163	-3213
-2977	-3130	-3127	-3166	-3166	-3197	-3202	-3174	-3229	-3201
-3100	-3133	-3121	-3132	-3164	-3172	-3202	-3208	-3233	-3227
-2974	-3135	-3120	-3141	-3158	-3151	-3221	-3197	-3175	-3152
-2975	-3061	-3139	-3038	-3156	-3097	-3147	-3042	-3153	-3145
-3037	-3139	-3158	-3129	-3118	-3154	-3165	-3204	-3168	-3215
