14:21:28.120 -> 
14:21:28.120 -> 
14:21:28.120 -> 
14:21:28.120 -> 0	1	2	3	4	5	6	7	8	9	10	11	12	13	14	15	16	17	18	19	20	21	22	23	24	25	26	27	28	29	30	31	32	33	34	35	36	37	38	39	40	41	42	43	44	45	46	47	48	49	50	51	52	53	54	55	56	57	58	59	60	61	
14:21:32.260 -> Z HOME: Homed.
14:21:33.453 -> Z 5: 5Moved absolute.
14:21:36.104 -> X HOMR: 0Moved absolute.
14:21:39.634 -> X HOME: Homed.
14:22:14.214 -> X 5: 5Moved absolute.
14:22:16.624 -> Y HOME: Homed.
14:22:17.657 -> Y 5: 5Moved absolute.
14:22:22.280 -> X 210: 210Moved absolute.
14:22:24.787 -> X 10: 10Moved absolute.
14:22:29.094 -> Y 10: 10Moved absolute.
14:22:30.984 -> Z HOME: Homed.
14:22:32.449 -> Z 5: 5Moved absolute.
15:03:55.327 -> X HOME: Homed.
15:03:58.134 -> X 10: 10Moved absolute.
15:04:00.060 -> Y HOME: Homed.
15:04:01.616 -> Y 10: 10Moved absolute.
15:04:04.102 -> Z HOME: Homed.
15:04:07.135 -> Z 5: 5Moved absolute.
15:04:22.385 -> P=1: P set to 1
15:16:13.609 -> FASTSCANL: Exec. area scan.
15:16:25.051 -> -2884	-2862	-2756	-2774	-2807	-2779	-2779	-2806	-2816	-2815	-2621	-2552	-2551	-2431	-1786	-2100	-1917	-2170	-2040	-1973	-1785	-1907	-1716	-1782	-1659	-1660	-1786	-1906	-1787	-1783	-1976	-1790	-1788	-1782	-1917	-1849	-1850	-1916	-2041	-1973	-2165	-1974	-2041	-2044	-2354	-2169	-2292	-2297	-2424	-2294	-2360	-2170	-2295	-2296	-2547	-2423	-2233	-2359	-2555	-2300	-2548	-2300	-2235	-2229	-2550	-2299	-2299	-2547	-2427	-2424	-2616	-2362	-2545	-2426	-2680	-2421	-2482	-2482	-2675	-2426	-2621	-2362	-2352	-2424	-2680	-2358	-2360	-2548	-2682	-2421	-2555	-2300	-2298	-2483	-2612	-2358	-2550	-2552	-2799	-2485	-2606	-2363	-2420	-2484	-2741	-2421	-2549	-2549	-2680	-2361	-2681	-2355	-2551	-2553	-2741	-2745	-2678	-2682	-2805	-2546	-2744	-2360	-2679	-2612	-2934	-2738	-2744	-2675	-2930	-2740	-2684	-2491	-2675	-2614	-3062	-2807	-2868	-2798	-3064	-2874	-2552	-2554	-2430	-2683	-2605	-2806	-2806	-2796	-2667	-2831	-2618	-2553	-2493	-2629	-2441	-2677	-2617	-2698	-2492	-2708	
15:23:58.167 -> 
15:32:53.645 -> FASTSCANL: Exec. area scan.
15:33:04.990 -> -3377	-3494	-3243	-3303	-3436	-3447	-3608	-3679	-3693	-3742	-3370	-3554	-3670	-3720	-3736	-3807	-3801	-3772	-3767	-3812	-3704	-3718	-3856	-3931	-3944	-3927	-3904	-3895	-3832	-3767	-3839	-3943	-3983	-3985	-3966	-3896	-3764	-3764	-3699	-3575	-3928	-3966	-3966	-3894	-3955	-3830	-3765	-3761	-3821	-3572	-3973	-3968	-3958	-3893	-3829	-3827	-3826	-3824	-3761	-3569	-3644	-3705	-3770	-3831	-3893	-3830	-3705	-3822	-3771	-3640	-3964	-3959	-3769	-3771	-3770	-3693	-3576	-3639	-3701	-3515	-3705	-3836	-3771	-3705	-3896	-3702	-3695	-3700	-3705	-3642	-3960	-3958	-3896	-3896	-3835	-3829	-3639	-3768	-3706	-3640	-3701	-3712	-3831	-3895	-3837	-3828	-3708	-3699	-3641	-3696	-3900	-3896	-3832	-3834	-3892	-3836	-3700	-3702	-3638	-3585	-3510	-3581	-3654	-3827	-3900	-3827	-3774	-3772	-3710	-3645	-3772	-3774	-3389	-3643	-3772	-3829	-3763	-3776	-3710	-3706	-3133	-3129	-3258	-3068	-3062	-3188	-2997	-3070	-3324	-3381	-3004	-2939	-2873	-3063	-2878	-2937	-2872	-3066	-2936	-3324	
15:39:52.061 -> 
15:51:12.480 -> FASTSCANL: Exec. area scan.
15:51:23.662 -> -3983	-3999	-4066	-4130	-4192	-4189	-4248	-4294	-4384	-4441	-4070	-4118	-4181	-4260	-4256	-4322	-4455	-4498	-4615	-4630	-4237	-4245	-4376	-4436	-4568	-4642	-4645	-4709	-4760	-4777	-4485	-4500	-4646	-4688	-4649	-4706	-4715	-4739	-4742	-4732	-4659	-4700	-4781	-4746	-4765	-4793	-4802	-4855	-4723	-4728	-4720	-4771	-4797	-4803	-4853	-4726	-4724	-4725	-4668	-4787	-4731	-4604	-4662	-4730	-4788	-4661	-4725	-4730	-4853	-4656	-4672	-4667	-4666	-4726	-4727	-4726	-4786	-4793	-4720	-4717	-4541	-4476	-4599	-4598	-4722	-4659	-4720	-4728	-4662	-4659	-4480	-4541	-4662	-4664	-4660	-4719	-4598	-4597	-4601	-4721	-4347	-4342	-4467	-4596	-4659	-4660	-4596	-4534	-4533	-4655	-4294	-4346	-4406	-4468	-4468	-4598	-4590	-4533	-4655	-4598	-4281	-4209	-4218	-4279	-4216	-4280	-4463	-4470	-4528	-4526	-4090	-4092	-4155	-4024	-4027	-4090	-4150	-4029	-4222	-4273	-3712	-3764	-3836	-3712	-3838	-3829	-3895	-3896	-3962	-3957	-3577	-3517	-3643	-3706	-3643	-3698	-3641	-3583	-3639	-3773	
15:57:42.338 -> 
16:09:32.442 -> FASTSCANL: Exec. area scan.
16:09:43.538 -> -4449	-4491	-4768	-4719	-4961	-4943	-5061	-5053	-5136	-5162	-4757	-4934	-4889	-5076	-5175	-5206	-5288	-5292	-5343	-5344	-4944	-5133	-5217	-5214	-5267	-5336	-5342	-5411	-5463	-5379	-5221	-5268	-5315	-5350	-5413	-5463	-5418	-5470	-5491	-5499	-5361	-5402	-5417	-5464	-5467	-5505	-5501	-5497	-5495	-5494	-5438	-5407	-5431	-5435	-5489	-5425	-5486	-5431	-5425	-5488	-5369	-5372	-5427	-5365	-5369	-5370	-5498	-5433	-5499	-5429	-5301	-5302	-5370	-5303	-5367	-5424	-5498	-5499	-5491	-5496	-5367	-5438	-5489	-5369	-5365	-5428	-5436	-5497	-5436	-5557	-5361	-5305	-5429	-5364	-5301	-5304	-5494	-5371	-5370	-5369	-5248	-5247	-5360	-5425	-5250	-5364	-5300	-5367	-5370	-5430	-5114	-5173	-5239	-5299	-5055	-5360	-5302	-5233	-5180	-5243	-5050	-4991	-5047	-5229	-5114	-5106	-5109	-5044	-5240	-5239	-4988	-5110	-5047	-5169	-5422	-5364	-5178	-5235	-5307	-5368	-4606	-4656	-4600	-4665	-4981	-4661	-4665	-4669	-4921	-4604	-4405	-4409	-4467	-4400	-4593	-4466	-4471	-4463	-4472	-4474	
16:15:33.376 -> 
16:27:56.541 -> FASTSCANL: Exec. area scan.
16:28:07.483 -> -5154	-5202	-5523	-5543	-5680	-5704	-5700	-5717	-5852	-5894	-5525	-5647	-5692	-5852	-5923	-5964	-6043	-6055	-6051	-6109	-5732	-5893	-5973	-5977	-6042	-6078	-6048	-6014	-6135	-6141	-5955	-5980	-6063	-6104	-6120	-6120	-6154	-6224	-6219	-6141	-6123	-6114	-6164	-6145	-6234	-6228	-6266	-6268	-6266	-6260	-6137	-6076	-6233	-6205	-6212	-6266	-6271	-6204	-6268	-6201	-6227	-6229	-6267	-6202	-6204	-6202	-6260	-6263	-6261	-6261	-6069	-6139	-6010	-6261	-6135	-6131	-6143	-6200	-6266	-6320	-6139	-6234	-6134	-6267	-6073	-6072	-6133	-6200	-6135	-6130	-6006	-6012	-6128	-6194	-6143	-6070	-6140	-6202	-6136	-6070	-6137	-6135	-6139	-6255	-6144	-6141	-6010	-6070	-6131	-6007	-5937	-5947	-5940	-6134	-6064	-6016	-6012	-5938	-6131	-6007	-5873	-5812	-5999	-5881	-5875	-5870	-5816	-5899	-5879	-5819	-5507	-5688	-5756	-5938	-6138	-6140	-6268	-6263	-6259	-6261	-5816	-5753	-5626	-5811	-5816	-5622	-5367	-5624	-5617	-5495	-5113	-5045	-5109	-5175	-5239	-5240	-5237	-5238	-5178	-5297	
16:33:28.698 -> 
16:46:12.397 -> FASTSCANL: Exec. area scan.
16:46:23.182 -> -5777	-6068	-6285	-6314	-6341	-6351	-6542	-6546	-6676	-6673	-6288	-6402	-6538	-6597	-6609	-6681	-6726	-6795	-6827	-6873	-6553	-6675	-6731	-6810	-6874	-6856	-6863	-6886	-6887	-6919	-6862	-6876	-6955	-6902	-6986	-7001	-7002	-7009	-6990	-7034	-6978	-6999	-6997	-7005	-7027	-7037	-7058	-7096	-7043	-7039	-7014	-7035	-7037	-7098	-7075	-7041	-7108	-7098	-7037	-7028	-7079	-7037	-7104	-7100	-7099	-7033	-7028	-7102	-7097	-7031	-6968	-7038	-7097	-7032	-7156	-7096	-7093	-7034	-7100	-7155	-7098	-6962	-7093	-7088	-7036	-7095	-7101	-6964	-6842	-6970	-6912	-6842	-6714	-6899	-6969	-6830	-6712	-7034	-6837	-6780	-6722	-6838	-6779	-6771	-6846	-6836	-6647	-6841	-6655	-6847	-6520	-6641	-6711	-6901	-6718	-6587	-6711	-6643	-6777	-6649	-6391	-6393	-6520	-6459	-6653	-6653	-6845	-6899	-6897	-6904	-6389	-6403	-6398	-6718	-7100	-6590	-6642	-6523	-6397	-6521	-6010	-6077	-6011	-6139	-6137	-6071	-6013	-6006	-6008	-5948	-5751	-5752	-5751	-5748	-5821	-5760	-5821	-5880	-5813	-5875	
16:51:16.720 -> 
17:04:33.077 -> FASTSCANL: Exec. area scan.
17:04:43.631 -> -6796	-6926	-7064	-7112	-7307	-7323	-7394	-7464	-7510	-7528	-6999	-7193	-7303	-7381	-7452	-7455	-7530	-7595	-7599	-7635	-7326	-7387	-7561	-7525	-7596	-7642	-7706	-7711	-7718	-7708	-7560	-7655	-7712	-7708	-7717	-7743	-7760	-7763	-7761	-7750	-7704	-7724	-7806	-7778	-7782	-7805	-7816	-7797	-7799	-7801	-7869	-7878	-7931	-7863	-7866	-7835	-7870	-7871	-7863	-7805	-7903	-7943	-7939	-7870	-7929	-7931	-7864	-7864	-7809	-7738	-7935	-7872	-8004	-7812	-7869	-7866	-7998	-7927	-7933	-7930	-8000	-7932	-7933	-7941	-7946	-7990	-7865	-7804	-7789	-7870	-7868	-7928	-7864	-7798	-7926	-7808	-7674	-7993	-7873	-7920	-7801	-7795	-7863	-7734	-7801	-7751	-7739	-7928	-7801	-7864	-7610	-7549	-7737	-7739	-7812	-7674	-7799	-7743	-7678	-7740	-7482	-7417	-7799	-7609	-7798	-7803	-7865	-7933	-7817	-7743	-7157	-7287	-7480	-7419	-7288	-7152	-7097	-7157	-7096	-7163	-6897	-7029	-6962	-6903	-6966	-6905	-6903	-6834	-6779	-6780	-6523	-6520	-6522	-6522	-6574	-6456	-6388	-6331	-6271	-6513	
17:09:05.535 -> 
17:16:48.151 -> Z 6: 6Moved absolute.
17:22:52.430 -> FASTSCANL: Exec. area scan.
17:23:05.774 -> 5172	5060	4965	4837	4704	4641	4559	4528	4450	4471	4967	4912	4814	4722	4633	4508	4511	4503	4430	4447	4742	4695	4610	4509	4423	4418	4380	4428	4349	4399	4508	4436	4401	4360	4342	4339	4341	4330	4276	4335	4261	4295	4239	4231	4212	4223	4222	4280	4238	4215	4170	4159	4119	4147	4147	4143	4210	4223	4219	4277	4113	4114	4086	4154	4088	4150	4155	4152	4213	4217	4075	4093	4089	4086	4159	4149	4138	4209	4206	4218	4093	4092	4094	4153	4285	4156	4214	4146	4154	4212	4214	4090	4089	4087	4220	4215	4088	4143	4149	4220	4213	4153	4105	4156	4083	4215	4215	4087	4147	4211	4343	4221	4287	4087	4160	4217	4213	4205	4215	4273	4213	4419	4220	4215	4219	4198	4087	4135	4149	4141	4985	4983	4985	4982	5115	5050	5122	5115	4986	4982	5238	5182	5305	5252	5247	5311	5239	5308	5370	5430	5626	5564	5629	5627	5689	5881	5759	5818	5881	5819	
17:34:57.137 -> 
17:35:02.066 -> P=0: P set to 0
17:35:23.118 -> Z 6: 6Moved absolute.
17:35:33.121 -> Z 5: 5Moved absolute.
17:35:42.210 -> FASTSCANL: Exec. area scan.
17:35:54.871 -> 2299	2229	2090	1953	1860	1759	1719	1658	1651	1622	2014	1963	1812	1759	1701	1677	1941	1558	1503	1509	1770	1707	1681	1569	1496	1480	1482	1429	1381	1451	